每幅图像的标定误差：
第1幅图像的平均误差：0.0809514像素
第2幅图像的平均误差：0.111156像素
第3幅图像的平均误差：0.127718像素
第4幅图像的平均误差：0.113306像素
第5幅图像的平均误差：0.111959像素
第6幅图像的平均误差：0.103356像素
第7幅图像的平均误差：0.085399像素
第8幅图像的平均误差：0.126611像素
第9幅图像的平均误差：0.166739像素
第10幅图像的平均误差：0.135606像素
第11幅图像的平均误差：0.139543像素
第12幅图像的平均误差：0.115947像素
第13幅图像的平均误差：0.120113像素
第14幅图像的平均误差：0.165897像素
第15幅图像的平均误差：0.120343像素
第16幅图像的平均误差：0.135276像素
总体平均误差：0.122495像素

相机内参数矩阵：
[871.8123654075998, 0, 333.9684373451136;
 0, 868.7067539366091, 208.486750957811;
 0, 0, 1]

畸变系数：
[0.01656882723126455, -1.096616645276761, 0.004256994201570317, -0.007248838592308399, 5.666809345687541]


第1幅图像的旋转向量：
[10.0119205712135;
 -12.47179192383419;
 84.06696652978083]
第1幅图像的旋转矩阵：
[-0.7068041790081729, 0.641382225846045, 0.2984236802020838;
 -0.7003961274919778, -0.6937346932816084, -0.1678613711719108;
 0.09936356037715208, -0.3276599086037925, 0.9395562075591487]
第1幅图像的平移向量：
[-0.4541752082511766;
 -3.003013865015574;
 0.4367370332065746]

第2幅图像的旋转向量：
[14.89625238115569;
 -9.538028117740652;
 83.29471336032337]
第2幅图像的旋转矩阵：
[-0.8867678974987796, 0.2780098492209581, 0.3692603684417463;
 -0.3542864947421656, -0.9219115107898506, -0.1567170887825725;
 0.2968564899221567, -0.2697956449042783, 0.916016667087331]
第2幅图像的平移向量：
[-0.1276809245139526;
 -2.933164216600233;
 0.9575834021612505]

第3幅图像的旋转向量：
[25.82901434813762;
 -1.609000776523707;
 96.19533765913657]
第3幅图像的旋转矩阵：
[0.6357621639298335, 0.7639234559413983, 0.1105776848093948;
 -0.7671942229368767, 0.6096115073651707, 0.1994663740590039;
 0.08496761269764805, -0.2116477345744925, 0.9736455932432231]
第3幅图像的平移向量：
[0.04108371632524518;
 -2.666594338362327;
 1.048046435602996]

第4幅图像的旋转向量：
[12.09020581179453;
 -2.13313751447559;
 93.3774856816825]
第4幅图像的旋转矩阵：
[0.9978138684037843, 0.06606263714958188, 0.00179220364863289;
 -0.06607556266622638, 0.9977783790127377, 0.008504492521902515;
 -0.001226392847777864, -0.008604321446586486, 0.9999622300932305]
第4幅图像的平移向量：
[0.1767182174192801;
 2.825314397026434;
 -1.023273815914365]

第5幅图像的旋转向量：
[9.705435613050671;
 -12.40732982270828;
 75.88295373332224]
第5幅图像的旋转矩阵：
[-0.4833568031320997, -0.8741721786309994, 0.04678891934473939;
 0.8137463695765904, -0.4683664964495035, -0.344165179825816;
 0.3227739872834172, -0.128280267816797, 0.9377425691638482]
第5幅图像的平移向量：
[-0.5223611946173932;
 -2.33594094643354;
 0.1718925859449241]

第6幅图像的旋转向量：
[12.40138620791596;
 -10.25115363501476;
 77.16703053060372]
第6幅图像的旋转矩阵：
[-0.9106702882011906, 0.2368193597699429, 0.3385206301331057;
 -0.3169867592976277, -0.9260280230395073, -0.2049182641336044;
 0.2649509777629599, -0.2939195321575212, 0.9183748080161803]
第6幅图像的平移向量：
[0.3058834535680548;
 2.596649594767448;
 -0.6872983937557181]

第7幅图像的旋转向量：
[19.36879406276748;
 -6.433110744306517;
 87.97971603032559]
第7幅图像的旋转矩阵：
[-0.6253026345923076, -0.7181852517245937, 0.3052974932376633;
 0.6661369069192271, -0.6950125348981913, -0.2705904609820448;
 0.4065196630078354, 0.03416899968791104, 0.9130028713253444]
第7幅图像的平移向量：
[0.2959590798949625;
 -2.520191600330492;
 0.5214975549419463]

第8幅图像的旋转向量：
[17.34712531685447;
 -8.749911225346928;
 75.68112974186626]
第8幅图像的旋转矩阵：
[-0.8246712676046377, -0.4289752496726348, 0.3686428292475801;
 0.3335410917051755, -0.8952041485609359, -0.2955670356169808;
 0.4568015329784693, -0.1207881102078782, 0.8813300130489883]
第8幅图像的平移向量：
[0.2119260129881297;
 2.916703573231715;
 -0.2799714811266459]

第9幅图像的旋转向量：
[19.80309254978411;
 -7.479328756515792;
 88.09106233805741]
第9幅图像的旋转矩阵：
[-0.784470322451253, -0.5062827159012893, 0.3581677327354345;
 0.4386507876987102, -0.8612334057221082, -0.2566369172967904;
 0.4383968517730576, -0.04421348717204933, 0.897693359620956]
第9幅图像的平移向量：
[-0.1556857377523071;
 -2.803059775212043;
 0.221885279471485]

第10幅图像的旋转向量：
[21.90597875793936;
 -12.2375584613405;
 75.75139419280063]
第10幅图像的旋转矩阵：
[-0.2080046497115427, 0.8486019086339431, 0.4864245741748735;
 -0.9586001936721611, -0.2757317543248209, 0.07111728586392743;
 0.1944729657049363, -0.4514939648763705, 0.8708234409397471]
第10幅图像的平移向量：
[-0.04662354473847246;
 -2.984105219110778;
 -0.1594470339810603]

第11幅图像的旋转向量：
[21.95317022004894;
 -5.266869346192563;
 76.21269287027746]
第11幅图像的旋转矩阵：
[-0.4637451444072539, 0.7488953003649034, 0.473388075610335;
 -0.806894426693192, -0.5776626556470404, 0.1233987051888049;
 0.3658713232957183, -0.3247486495155443, 0.8721676957028791]
第11幅图像的平移向量：
[-0.0331185383216927;
 -3.006577245896973;
 -0.07067366895180439]

第12幅图像的旋转向量：
[19.62486792302741;
 -9.788327579029829;
 71.14232556782649]
第12幅图像的旋转矩阵：
[0.6089173506681078, 0.7640978031515281, 0.2130122232979629;
 -0.7932326759770446, 0.5869765495677657, 0.1619890490737479;
 -0.00125770331534085, -0.2676061985016956, 0.9635275505691788]
第12幅图像的平移向量：
[0.07258062147570557;
 -2.995395715944329;
 0.1685962427194015]

第13幅图像的旋转向量：
[17.46745444098072;
 -15.09077681113014;
 76.2526347733354]
第13幅图像的旋转矩阵：
[-0.3579286856259716, 0.8064494836786211, 0.470665790429419;
 -0.9249317560683916, -0.3753192327705375, -0.06030522472204489;
 0.1280168060150918, -0.4569187058843405, 0.8802482567950212]
第13幅图像的平移向量：
[0.1670173552860215;
 2.956531974094196;
 -0.1617753530856454]

第14幅图像的旋转向量：
[20.5432875803178;
 -11.95477294266432;
 69.83724854767273]
第14幅图像的旋转矩阵：
[0.02567380259675803, 0.8975112112460188, 0.4402436615647375;
 -0.9928409225134542, -0.02849665541505207, 0.1159950137410624;
 0.1166522972035107, -0.4400699561636311, 0.8903542414338713]
第14幅图像的平移向量：
[0.04834413952659581;
 -2.969662466500678;
 0.1105481961259192]

第15幅图像的旋转向量：
[16.45539590508697;
 -8.561867345949802;
 77.79110688479795]
第15幅图像的旋转矩阵：
[-0.08985497535938936, 0.9383455486745204, 0.33381688795787;
 -0.9884857794151204, -0.1249940633387335, 0.08527806297140358;
 0.1217454200257469, -0.3223105884279731, 0.938772569523614]
第15幅图像的平移向量：
[0.1366473398250072;
 2.936108642439915;
 -0.2757989039235432]

第16幅图像的旋转向量：
[24.21501343973657;
 -2.842428299314556;
 86.09224818457115]
第16幅图像的旋转矩阵：
[0.1263497792400111, -0.9686834165266497, 0.2137479165565312;
 0.952475000637221, 0.05826028143810745, -0.2989934995411745;
 0.2771770308794115, 0.2413673096196126, 0.9300079114716517]
第16幅图像的平移向量：
[-0.08572454512081311;
 3.066587138023423;
 -0.7731647918814528]


