相机内参数矩阵：
[868.071084013021, 0, 346.3543826339213;
 0, 866.0477157060782, 215.8126188118397;
 0, 0, 1]

畸变系数：
[0.05292677661104178, -2.117256409596785, 0.008756200496539272, -0.0008763499060351932, 11.54656316279669]


图: 0.jpg 图像的旋转向量：
[-19.83878872300989;
 -4.202308409236393;
 84.35196693853329]
图: 0.jpg 图像的旋转矩阵：
[0.3875240695033731, 0.9165945060173556, -0.0983849942539249;
 -0.9022774038034772, 0.3552454211428328, -0.2443280117847903;
 -0.1889988945502118, 0.1834535426091614, 0.9646886625035803]
图: 0.jpg 图像的平移向量：
[-0.2841481049395095;
 0.0556309820266532;
 -0.3005953233659137]

图: 1.jpg 图像的旋转向量：
[-16.18485908066385;
 -7.423991452628655;
 83.55139484914689]
图: 1.jpg 图像的旋转矩阵：
[-0.7572221101357868, 0.5860780903967002, -0.2883177897363662;
 -0.526060269953327, -0.8088787079837754, -0.262632496365417;
 -0.3871372731966517, -0.04719859878699095, 0.9208132405512014]
图: 1.jpg 图像的平移向量：
[-0.6203347645686568;
 0.03979542718750824;
 -0.08877179122054292]

图: 2.jpg 图像的旋转向量：
[-4.514845426663445;
 -0.2775760764212862;
 103.799560150991]
图: 2.jpg 图像的旋转矩阵：
[-0.9709502054335003, 0.2236259650421677, -0.08513005537178213;
 -0.2231674681094526, -0.9746648956330979, -0.0149874079860044;
 -0.08632485010852879, 0.004446232054411459, 0.9962571210657714]
图: 2.jpg 图像的平移向量：
[-0.7375320892047709;
 0.2703912227866997;
 0.02489744889110048]

图: 3.jpg 图像的旋转向量：
[-18.72876300318222;
 -0.9395279111506938;
 87.91020842530783]
图: 3.jpg 图像的旋转矩阵：
[-0.2869502945679644, -0.9148928974417706, -0.2839551278951664;
 0.9207526911655216, -0.3452085465887695, 0.1817843257091188;
 -0.2643369254546327, -0.2092893823696539, 0.9414477915787582]
图: 3.jpg 图像的平移向量：
[-0.6877475978968015;
 -0.1453967964678105;
 -0.1253092065682461]

图: 4.jpg 图像的旋转向量：
[-11.29692123864629;
 -0.6937695911382233;
 94.46208715694199]
图: 4.jpg 图像的旋转矩阵：
[0.6346753230588155, -0.7712012829421702, -0.04935398148618941;
 0.7718430033722634, 0.629470335603883, 0.08958501403705317;
 -0.03802121046826824, -0.09495092302387477, 0.9947556030359628]
图: 4.jpg 图像的平移向量：
[-0.1316309574263573;
 0.7345327216764247;
 -0.415716098375278]

图: 5.jpg 图像的旋转向量：
[-14.94851800080725;
 -7.825184478998056;
 62.74002083706073]
图: 5.jpg 图像的旋转矩阵：
[-0.4554017376529768, -0.7721991149055571, -0.4430776278280402;
 0.8573741626006157, -0.5144635252934264, 0.01538916656459277;
 -0.2398307791913751, -0.3728750569315866, 0.8963511528807914]
图: 5.jpg 图像的平移向量：
[-0.498389673479297;
 -0.4580855201155565;
 -0.2313750872618268]

图: 6.jpg 图像的旋转向量：
[-6.95510384126084;
 -10.3284711591047;
 104.1297002706934]
图: 6.jpg 图像的旋转矩阵：
[-0.3572859415378213, 0.9339929429024851, 0.001984587561083842;
 -0.9161839277163812, -0.3500587850157578, -0.195104735020645;
 -0.1815317233257514, -0.07152642617694915, 0.9807804054857213]
图: 6.jpg 图像的平移向量：
[-0.3926302443697064;
 0.542649197825615;
 0.224533465554932]

图: 7.jpg 图像的旋转向量：
[-12.75426068223634;
 -5.694049831682646;
 69.02688353013065]
图: 7.jpg 图像的旋转矩阵：
[0.2814080966122351, -0.936324597716477, -0.2100136444904386;
 0.9580820040168275, 0.2618973070582868, 0.1161407513955248;
 -0.05374343439136182, -0.2338932411736064, 0.9707757696775947]
图: 7.jpg 图像的平移向量：
[-0.1892671683522487;
 -0.2127452369154912;
 -0.1457128725726595]

图: 8.jpg 图像的旋转向量：
[-9.82731776067434;
 -4.344967624026468;
 97.03367062191863]
图: 8.jpg 图像的旋转矩阵：
[-0.9519694190838536, 0.2425894139446849, -0.18682773180426;
 -0.224920505847313, -0.9680449316914534, -0.1109043564332712;
 -0.2077618617035837, -0.06355616782392955, 0.9761125049670226]
图: 8.jpg 图像的平移向量：
[-0.1472423573192694;
 0.3157716298472104;
 -0.1102307976774663]

图: 9.jpg 图像的旋转向量：
[-8.908893551192667;
 -12.23905907470589;
 79.84689793272899]
图: 9.jpg 图像的旋转矩阵：
[0.9172621393492133, 0.3949651998361418, 0.05130944001741838;
 -0.3922001423946154, 0.9181551086128835, -0.05630492725958786;
 -0.06934851131890155, 0.03152280835301192, 0.9970943267973154]
图: 9.jpg 图像的平移向量：
[0.1197050926339912;
 0.140073497338182;
 -0.03014338509162025]

图: 10.jpg 图像的旋转向量：
[-8.936555045431422;
 -5.424623188201988;
 79.91883741720918]
图: 10.jpg 图像的旋转矩阵：
[0.4763245564624405, 0.8792688172598767, 0.00112423541883757;
 -0.8713558877510225, 0.4722082875116843, -0.1332600843722914;
 -0.1177023100558653, 0.06249544143135672, 0.9910804639421629]
图: 10.jpg 图像的平移向量：
[0.05520991853352232;
 0.1251289416230783;
 -0.02053208233784301]

图: 11.jpg 图像的旋转向量：
[-11.14095692591609;
 -11.65126127388802;
 74.93917577369881]
图: 11.jpg 图像的旋转矩阵：
[0.3249175760058035, -0.9141271664470797, -0.2424873035149383;
 0.9445984778321804, 0.326282729785515, 0.03568327228324231;
 0.0465003707473429, -0.2406472601280669, 0.969498123625422]
图: 11.jpg 图像的平移向量：
[-0.100647023564374;
 0.1215756434889577;
 0.04750280220660921]

图: 12.jpg 图像的旋转向量：
[-12.91763676598362;
 -12.65669451619397;
 70.34345588037438]
图: 12.jpg 图像的旋转矩阵：
[-0.86967365564988, 0.413987672781552, -0.2688530071497972;
 -0.2943095385325081, -0.8721161307053343, -0.3908904579192725;
 -0.3962948753104894, -0.2608211290299753, 0.8802969444762222]
图: 12.jpg 图像的平移向量：
[-0.09979106775133703;
 -0.1881431247718449;
 -0.1142949819608896]

图: 13.jpg 图像的旋转向量：
[-10.08129643533031;
 -13.39964170367047;
 74.4482727779276]
图: 13.jpg 图像的旋转矩阵：
[0.6164975047181165, -0.7642174053673675, -0.1894797720335994;
 0.7823246613973253, 0.6217196637313843, 0.03785213203103216;
 0.08887604202425034, -0.1715704434432201, 0.9811547442125532]
图: 13.jpg 图像的平移向量：
[-0.06411474726543794;
 0.1592777365615466;
 0.03252381722264144]

图: 14.jpg 图像的旋转向量：
[-13.92502193894203;
 -6.999323621495865;
 71.35188315317829]
图: 14.jpg 图像的旋转矩阵：
[-0.6503917838317199, 0.7166537579777296, -0.2517894332584102;
 -0.6540646180699435, -0.6969217224115056, -0.2941081233492188;
 -0.3862512173614633, -0.02659894748628833, 0.9220100287303875]
图: 14.jpg 图像的平移向量：
[-0.1804996560927103;
 -0.2051832210693197;
 -0.09435319100926622]

图: 15.jpg 图像的旋转向量：
[-7.005796821693401;
 -5.000076631416223;
 86.80714814931567]
图: 15.jpg 图像的旋转矩阵：
[0.7456337928707502, 0.666117105429978, 0.01783952865875774;
 -0.6637600264240821, 0.744823626796137, -0.06826706590846413;
 -0.05876116277509324, 0.03906106526755538, 0.9975075733694871]
图: 15.jpg 图像的平移向量：
[-0.4862998393506108;
 0.01114242130382331;
 0.05062755620205734]


