每幅图像的标定误差：
第1幅图像的平均误差：0.114687像素
第2幅图像的平均误差：0.089004像素
第3幅图像的平均误差：0.080475像素
第4幅图像的平均误差：0.080287像素
第5幅图像的平均误差：0.094161像素
第6幅图像的平均误差：0.0943722像素
第7幅图像的平均误差：0.101137像素
第8幅图像的平均误差：0.0894448像素
第9幅图像的平均误差：0.108823像素
第10幅图像的平均误差：0.10103像素
第11幅图像的平均误差：0.102404像素
第12幅图像的平均误差：0.0821321像素
第13幅图像的平均误差：0.107231像素
第14幅图像的平均误差：0.108653像素
第15幅图像的平均误差：0.117744像素
第16幅图像的平均误差：0.12758像素
第17幅图像的平均误差：0.104161像素
第18幅图像的平均误差：0.102525像素
第19幅图像的平均误差：0.0819152像素
第20幅图像的平均误差：0.105264像素
第21幅图像的平均误差：0.0979697像素
总体平均误差：0.0995714像素

相机内参数矩阵：
[886.2581583672252, 0, 307.3062229446311;
 0, 884.869950644125, 281.4139806568438;
 0, 0, 1]

畸变系数：
[-0.2166131438439371, 3.744702228664338, -0.003204854691451048, 0.0004272540379846986, -19.7961462990694]


第1幅图像的旋转向量：
[17.81477595833361;
 -13.97904833801772;
 68.90632501452765]
第1幅图像的旋转矩阵：
[-0.8439976082639122, 0.1652328009934832, 0.5102608732017806;
 -0.3510193144198661, -0.8894876931245085, -0.2925697945520817;
 0.4055286403560208, -0.4260396287387925, 0.8087253901016762]
第1幅图像的平移向量：
[-0.04815131927200613;
 3.105842521425063;
 -0.3662321104809733]

第2幅图像的旋转向量：
[19.52109771347267;
 -10.63405262739055;
 72.81791152052077]
第2幅图像的旋转矩阵：
[0.7574154719179889, -0.6522336311039029, -0.03021743464075123;
 0.6336361098685123, 0.7454110594712762, -0.2070450016025694;
 0.1575661231672237, 0.1376722298610993, 0.9778646501204161]
第2幅图像的平移向量：
[-0.2854276652271112;
 2.920503880633534;
 -0.3481072425508869]

第3幅图像的旋转向量：
[15.83874711075433;
 -11.82183851287892;
 65.99684011305355]
第3幅图像的旋转矩阵：
[0.9766864190026192, 0.2102670688711065, 0.04325966578920377;
 -0.2122092172374787, 0.9761101836736453, 0.04664930276069552;
 -0.03241738816278796, -0.05474184027739457, 0.997974169940158]
第3幅图像的平移向量：
[-0.1702676644569391;
 3.089343710086941;
 0.2477284463087697]

第4幅图像的旋转向量：
[14.70297473643115;
 -15.16954191445637;
 67.30844656633462]
第4幅图像的旋转矩阵：
[0.1768881843424067, -0.9833422000680663, -0.0418173146596211;
 0.9062145482027444, 0.179298025582979, -0.3829195877044436;
 0.3840387517760967, 0.02983849170686145, 0.922834709764927]
第4幅图像的平移向量：
[-0.06708009777352433;
 -3.043972365198925;
 0.0903017797062437]

第5幅图像的旋转向量：
[17.13242482367998;
 -13.24973295725237;
 77.92574661956183]
第5幅图像的旋转矩阵：
[0.7090228465456356, 0.6818501745436802, 0.1799081503186475;
 -0.7029936023011549, 0.7035290701241035, 0.1041481762392414;
 -0.05555716155429282, -0.2003177150555271, 0.9781544943591287]
第5幅图像的平移向量：
[0.05034946908024592;
 3.024603267135485;
 -0.49743912925814]

第6幅图像的旋转向量：
[13.20809776649716;
 -13.51312359423326;
 73.69643463822827]
第6幅图像的旋转矩阵：
[0.7829653648313331, -0.6176063669869818, -0.07434791813950903;
 0.6038056856431797, 0.7832804786348192, -0.1479539988461898;
 0.1496126046144084, 0.07095116099649242, 0.9861957215957401]
第6幅图像的平移向量：
[-0.02743576301817695;
 3.039463221354202;
 -0.2005509657378496]

第7幅图像的旋转向量：
[15.15288934603102;
 -13.76894632583849;
 72.89643613587158]
第7幅图像的旋转矩阵：
[0.9515971315972586, -0.3036866934542808, -0.04730001432003329;
 0.3000167420627641, 0.9512451027759339, -0.07157310197866167;
 0.06672970566332902, 0.05391796234659403, 0.9963132036254848]
第7幅图像的平移向量：
[-0.113132271972064;
 2.888928340103212;
 -0.1947761621982345]

第8幅图像的旋转向量：
[13.18343492262436;
 -15.47893478326842;
 65.73997656235403]
第8幅图像的旋转矩阵：
[0.9562184574976784, 0.2827837226089545, 0.07536330518350789;
 -0.2867011240073845, 0.9568499784914052, 0.0473348091144347;
 -0.05872586341351663, -0.06686916246237504, 0.9960320216127178]
第8幅图像的平移向量：
[-0.177888046812413;
 -2.947438201203632;
 0.2410120783657941]

第9幅图像的旋转向量：
[15.37026459504713;
 -12.61275294772452;
 61.53456555563776]
第9幅图像的旋转矩阵：
[-0.1900879953158095, -0.9769619264367384, 0.09701519638610104;
 0.8600149557312498, -0.2133624571833141, -0.4635199432422245;
 0.4735407373768317, -0.004675056974561109, 0.8807595096772395]
第9幅图像的平移向量：
[0.08507899730261904;
 -3.077470738086356;
 -0.1259683961454156]

第10幅图像的旋转向量：
[16.72003818507327;
 -13.26487358107357;
 63.94294591191311]
第10幅图像的旋转矩阵：
[-0.06333512894385346, 0.884824163941581, 0.4616003253321511;
 -0.9954244906234164, -0.08916710033280802, 0.03434110780611294;
 0.07154540452592034, -0.4573132702243848, 0.8864230524799666]
第10幅图像的平移向量：
[0.04187122992970631;
 -3.087934539945636;
 0.5421017661596248]

第11幅图像的旋转向量：
[12.94846109035074;
 -12.02507897051063;
 72.882809672082]
第11幅图像的旋转矩阵：
[0.9219861838278727, 0.379592917275189, 0.076489829291401;
 -0.3840453045929085, 0.9216564842296621, 0.05530396999817355;
 -0.04950435183553345, -0.08036505603762287, 0.9955354222313807]
第11幅图像的平移向量：
[-0.05069659351255908;
 3.096791630117467;
 -0.2253113521912118]

第12幅图像的旋转向量：
[21.15192710080511;
 -8.872166001360844;
 78.75490885656815]
第12幅图像的旋转矩阵：
[0.9447561741939796, -0.3270344895717797, -0.02200486202820475;
 0.3237333717649047, 0.9415134408042152, -0.09353686327183354;
 0.0513076536988465, 0.08124582091119058, 0.995372614278887]
第12幅图像的平移向量：
[-0.2228983915609601;
 2.996779466981168;
 -0.4301124691693267]

第13幅图像的旋转向量：
[17.37839745817531;
 -18.61226327349453;
 75.87697374244499]
第13幅图像的旋转矩阵：
[-0.02400772171439662, 0.8911255143283958, 0.4531213380663462;
 -0.9996547438324801, -0.01655756234232501, -0.02040196712326131;
 -0.01067812864235601, -0.4534546998788655, 0.8912153570975229]
第13幅图像的平移向量：
[0.001944145002285256;
 -3.068653545781153;
 0.1766122569866803]

第14幅图像的旋转向量：
[17.81491661547191;
 -15.22724862933741;
 68.54323518986476]
第14幅图像的旋转矩阵：
[-0.8634489984338802, 0.06911437213173677, 0.4996789275808666;
 -0.2741842757100918, -0.8957669443917046, -0.3498922181022054;
 0.4234132851681221, -0.4391181901265133, 0.7923991450292931]
第14幅图像的平移向量：
[-0.01472729069127771;
 -3.11659846147559;
 -0.005483510532170949]

第15幅图像的旋转向量：
[16.66685324077936;
 -14.70937800850889;
 68.04208491351267]
第15幅图像的旋转矩阵：
[-0.6839421021254081, -0.679473696388993, 0.2655912213454283;
 0.5090957045131329, -0.7052839800946451, -0.4933518734819329;
 0.5225368547639054, -0.2022127674933873, 0.8282905481026029]
第15幅图像的平移向量：
[-0.004295662538575549;
 -3.088315712260058;
 0.5393470734919754]

第16幅图像的旋转向量：
[16.00683570904677;
 -14.93477742953629;
 64.43588004118327]
第16幅图像的旋转矩阵：
[0.5157004040054725, 0.8003345367286289, 0.3058066752508248;
 -0.8532603192721478, 0.5120284739728019, 0.09886187028716351;
 -0.07745915610297323, -0.3119158078078996, 0.946946993223676]
第16幅图像的平移向量：
[0.02713400702685287;
 3.075662469682715;
 -0.6154106980564756]

第17幅图像的旋转向量：
[15.30198411980298;
 -13.2030922811244;
 60.31549705214129]
第17幅图像的旋转矩阵：
[0.7278308475866481, -0.681069935505659, -0.08003749278693754;
 0.6522224863322853, 0.7235594865301667, -0.2259811889842459;
 0.2118208809910709, 0.1122738277717434, 0.9708380410622811]
第17幅图像的平移向量：
[-0.06659590260791361;
 -3.107551990267836;
 -0.1491073039527332]

第18幅图像的旋转向量：
[17.94280164467379;
 -13.01064955267357;
 70.35112703016274]
第18幅图像的旋转矩阵：
[-0.004439021721221459, 0.9057940506797876, 0.4236949761789264;
 -0.9974150811509689, -0.0343976193373807, 0.06308692159653204;
 0.0717178567636042, -0.4223197148334696, 0.9036053383442422]
第18幅图像的平移向量：
[-0.1379142058218953;
 2.934864636608419;
 -0.218325134644396]

第19幅图像的旋转向量：
[14.93472567981478;
 -16.88740236556773;
 67.67100880260294]
第19幅图像的旋转矩阵：
[-0.5283606902422708, -0.8393394395751338, 0.1278447737704259;
 0.6808598627773198, -0.508837860540259, -0.5267958607844797;
 0.5072128037279424, -0.1912938494947292, 0.8403224588691698]
第19幅图像的平移向量：
[-0.274642197509816;
 -2.897973347720654;
 0.2227781051755656]

第20幅图像的旋转向量：
[17.35052098660547;
 -12.74739841528452;
 64.71642894460155]
第20幅图像的旋转矩阵：
[0.6377981821928611, 0.7314662671261323, 0.2411857766288137;
 -0.7682922486715067, 0.6262642001719642, 0.1323637873976489;
 -0.05422637202286276, -0.2697225456641177, 0.9614100316398339]
第20幅图像的平移向量：
[0.006498140921046208;
 -3.103114542493325;
 -0.1884033199530577]

第21幅图像的旋转向量：
[12.66845176566175;
 -17.25697651953644;
 71.447813574619]
第21幅图像的旋转矩阵：
[0.6969450352054717, 0.682964815272656, 0.2186931160371325;
 -0.7074914166885173, 0.7046475507048267, 0.05410845218414242;
 -0.1171473995209397, -0.1924341195975279, 0.9742923567390875]
第21幅图像的平移向量：
[0.2171671184835921;
 3.054042167591482;
 -0.6328588023536558]


